gr=9.81;
A=0.06*0.07;
aa=pi*0.007*0.007;
ab=pi*0.005*0.005;
ac=pi*0.005*0.005;
Ca=1;
Cb=0.5;
Cc=0.5;
Qmax=(4400*0.01*0.01*0.01)/60;
hmax=0.250;
kp=7.3333*10^(-6);